1 2 9 28 65 126 217 344 513 730 1001 1332 
2 4 18 56 130 252 434 688 1026 1460 2002 2664 
5 10 45 140 325 630 1085 1720 2565 3650 5005 6660 
10 20 90 280 650 1260 2170 3440 5130 7300 10010 13320 
17 34 153 476 1105 2142 3689 5848 8721 12410 17017 22644 
26 52 234 728 1690 3276 5642 8944 13338 18980 26026 34632 
37 74 333 1036 2405 4662 8029 12728 18981 27010 37037 49284 
50 100 450 1400 3250 6300 10850 17200 25650 36500 50050 66600 
65 130 585 1820 4225 8190 14105 22360 33345 47450 65065 86580 
82 164 738 2296 5330 10332 17794 28208 42066 59860 82082 109224 
